
                               01101
                              0000111
                             010001110
                            1000   1110
                            000     001
                            110     100
                                    010
                                    111
                                    100
                                    101
                                   1110
                                  1101
                                 0010
                                1100
                                010
                                011
                                011
                                010
                               01011
                               10011
                                000
                            10011010010
                            11110100010
                            11110100001
                            00110010001
                            10100101001
                            01001000010
                              01000010
